599000 123 3 3 1 2
275000 50 2 1 1 1
429900 86 2 2 1 2
589000 70 3 3 1 2
520000 86 3 2 1 2
550500 85 3 2 1 2
575000 108 2 2 1 2
320000 60 3 2 1 2
315000 55 2 2 1 1
430000 79 3 2 1 2
569000 90 3 2 1 2
280000 50 2 1 0 1
198000 60 2 1 0 1
480000 81 3 2 1 2
385000 75 3 2 1 2
195000 52 2 1 0 0
309000 56 2 2 1 2
360000 50 2 1 0 1
270000 51 2 1 0 1
490000 100 2 1 0 1
450000 79 3 2 1 2
288000 60 2 2 1 2
920000 166 3 2 1 2
382000 92 3 2 1 2
350000 78 2 2 1 2
380000 61 2 1 0 1
815000 100 3 3 1 2
430000 70 2 2 1 2
621000 97 3 2 1 2
400000 84 2 2 1 2
300000 55 2 2 1 2
396000 70 2 2 1 2
277000 65 3 2 1 1
480000 100 3 2 1 2
520000 102 3 4 1 2
395000 65 3 2 1 2
700000 130 3 2 1 2
510000 86 3 2 1 2
700000 93 3 3 1 2
480000 90 3 2 1 2
284215 52 2 2 1 2
384000 60 2 2 1 1
360000 90 3 3 1 2
240000 54 2 1 0 1
220000 55 2 1 0 1
320000 50 2 2 1 1
451400 86 2 2 1 2
420000 100 3 2 1 2
270000 56 2 1 0 1
336000 55 2 2 1 1
320000 49 2 1 0 1
215000 54 2 1 0 1
915000 158 3 2 1 2
699000 110 3 2 1 3
650000 111 2 2 1 2
999000 120 4 3 2 4
852300 112 3 2 2 2
720000 115 3 3 1 2
890000 115 3 3 1 2
950000 115 4 4 2 3
240000 55 2 1 0 1
960000 180 4 3 1 2
730000 203 3 3 1 2
160000 41 2 1 0 1
240000 50 2 1 0 1
275000 48 2 1 0 1
190000 48 2 1 0 1
250000 45 2 1 0 1
243800 47 2 1 0 1
200000 40 2 1 0 1
219000 48 2 1 0 1
220000 40 2 1 0 1
350000 40 1 1 0 1
320000 40 1 1 0 1
240000 50 2 1 0 1
200000 46 2 1 0 1
270000 50 2 1 0 1
200000 50 2 1 0 0 
259000 50 2 1 0 1
210000 47 2 1 0 0
300000 48 2 2 1 1
240000 50 2 1 0 1